16 6 6 15 16 6 15 16 6 15 16 6 15 16 6 15 
15 16 15 16 15 16 15 16 15 16 15 16 15 16 15 16 
16 6 60 61 60 61 60 61 60 61 60 61 60 61 16 6 
15 16 68 69 68 86 86 86 86 86 86 86 86 69 15 16 
16 6 60 61 60 86 95 44 44 44 95 44 86 61 16 6 
15 16 68 86 86 86 95 44 44 44 95 44 86 86 15 16 
16 6 60 86 95 45 95 95 95 45 95 95 95 45 16 6 
15 16 86 86 52 52 52 52 52 52 52 52 52 52 15 16 
19 19 20 21 44 44 95 44 44 44 95 44 44 44 16 6 
27 27 28 29 44 44 95 44 44 44 95 44 44 44 15 16 
16 6 86 86 86 86 95 95 95 45 95 95 4 5 16 6 
15 16 68 69 68 86 52 52 52 52 52 52 12 13 15 16 
16 6 60 61 60 86 86 86 44 44 86 86 86 86 16 6 
15 16 68 69 68 69 68 86 44 44 86 68 69 68 15 16 
16 6 60 61 60 61 60 86 86 86 86 61 60 61 16 6 
15 16 68 69 68 69 68 69 68 69 68 69 68 69 15 16