15 16 15 16 15 16 15 16 15 16 15 16 15 16 15 16 
16 6 60 61 60 61 60 61 60 61 60 61 60 61 6 15 
15 16 68 69 68 69 68 69 68 69 68 69 68 69 15 16 
16 6 60 61 60 61 60 61 60 61 60 61 60 61 6 15 
15 16 68 86 86 86 86 86 86 60 68 69 68 69 15 16 
16 6 60 86 95 45 95 95 86 61 60 61 60 61 6 15 
15 16 86 86 52 52 52 52 86 86 86 69 68 69 15 16 
19 19 20 21 44 44 95 44 44 44 86 61 60 61 6 15 
27 27 28 29 44 44 95 44 44 44 86 69 68 69 15 16 
16 6 86 86 86 86 10 10 10 45 86 61 60 61 6 15 
15 16 68 69 68 86 52 52 52 52 86 86 86 69 15 16 
16 6 60 61 60 86 86 86 44 44 10 44 86 61 6 15 
15 16 68 69 68 69 68 86 44 44 10 44 86 69 15 16 
16 6 60 61 60 61 60 86 86 86 10 10 86 61 6 15 
15 16 68 69 68 86 86 86 86 86 52 52 86 69 15 16 
16 6 60 61 60 86 10 44 44 44 10 44 86 61 6 15 
15 16 68 69 68 86 10 44 44 44 10 44 86 69 15 16 
16 6 60 61 60 86 10 10 10 45 86 86 86 61 6 15 
15 16 68 86 86 86 52 52 52 52 86 86 86 86 15 16 
16 6 60 86 44 44 10 44 44 44 10 44 44 44 6 15 
15 16 68 86 44 44 10 44 44 44 10 44 44 44 15 16 
16 6 60 86 10 45 10 10 86 86 86 86 86 86 6 15 
15 16 86 86 52 52 52 52 86 69 68 69 68 69 15 16 
19 19 20 21 44 44 86 86 86 61 60 61 60 61 6 15 
27 27 28 29 44 44 86 69 68 69 68 69 68 69 15 16 
16 6 86 86 86 86 86 61 60 61 60 61 60 61 6 15 
15 16 68 69 68 69 68 69 68 69 68 69 68 69 15 16 
16 6 60 61 60 61 60 61 60 61 60 61 60 61 6 15 
15 16 68 69 68 69 68 69 68 69 68 69 68 69 15 16 
16 6 6 15 16 6 6 15 16 6 6 15 16 6 6 15