60 61 60 61 60 61 60 61 60 61 60 61 60 61 60 61 60 61 60 61 60 61 60 61 60 61 60 61 60 61 60 61 60 61 60 61 60 61 60 61 60 61 60 61 60 61 60 61 60 61 60 61 60 61 60 61 60 61 60 61 60 61 60 61 60 61 60 61 60 61 60 61 60 61 60 61 60 61 6 15 
60 61 60 61 60 61 60 61 60 61 60 61 60 61 60 61 60 61 60 61 60 61 60 61 60 61 60 61 60 61 60 61 60 61 60 61 60 61 60 61 60 61 60 61 86 86 86 86 86 86 86 60 61 60 61 60 61 60 61 86 86 86 86 86 86 86 86 86 86 86 86 86 86 69 68 69 68 69 15 16 
68 69 68 69 68 69 68 69 68 69 68 69 68 69 68 69 68 69 68 69 68 69 68 69 68 69 68 69 68 69 68 69 68 69 68 69 68 69 68 69 68 69 68 69 95 45 95 95 95 45 86 68 69 68 69 68 69 68 69 86 95 45 95 95 95 45 95 95 95 45 95 95 86 61 60 61 60 61 6 15 
61 60 61 60 61 60 61 60 61 60 61 60 61 60 61 60 61 60 61 60 61 60 61 60 61 60 61 60 61 60 61 60 61 60 61 60 61 60 61 60 61 86 86 86 52 52 52 52 52 52 86 60 61 60 61 60 61 86 86 86 52 52 52 52 52 52 52 52 52 52 52 52 86 86 86 69 68 69 15 16 
69 68 69 68 69 68 69 68 69 68 69 68 69 68 69 68 69 68 69 68 69 68 69 68 69 68 69 68 69 68 69 68 69 68 69 68 69 68 69 68 69 86 95 44 44 44 95 44 44 44 86 68 69 68 69 68 69 86 95 44 44 44 95 44 44 44 95 44 44 44 95 44 44 44 86 61 60 61 6 15 
61 60 61 60 61 60 61 60 61 60 61 60 61 60 61 60 61 60 61 60 61 60 61 60 61 60 61 60 61 60 61 60 61 60 61 60 61 86 86 86 86 86 95 44 44 44 95 44 44 44 86 86 86 86 86 86 86 86 95 44 44 44 95 44 44 44 95 44 44 44 95 44 44 44 86 86 86 69 15 16 
69 68 69 68 69 68 69 68 69 68 69 68 69 68 69 68 69 68 69 68 69 68 69 68 69 68 69 68 69 68 69 68 69 68 69 68 69 86 95 95 95 45 95 95 95 45 95 95 95 45 95 95 95 45 95 95 95 45 95 95 95 45 95 95 95 45 95 95 95 45 95 95 95 45 95 95 86 61 6 15 
61 60 61 60 61 60 61 60 61 60 61 60 61 60 61 60 61 60 61 60 61 60 61 60 61 60 61 60 61 60 61 60 61 60 61 60 61 86 52 52 52 52 52 52 52 52 52 52 52 52 52 52 52 52 52 52 52 52 52 52 52 52 52 52 52 52 52 52 52 52 52 52 52 52 52 52 86 86 15 16 
69 68 69 68 69 68 69 68 69 68 69 68 69 68 69 68 69 68 69 68 69 68 69 68 69 68 69 68 69 68 69 68 69 68 69 68 69 86 95 44 44 44 95 44 44 44 95 44 44 44 95 44 44 44 95 44 44 44 95 44 44 44 95 44 44 44 95 44 44 44 95 44 44 44 95 95 17 18 19 19 
61 60 61 60 61 60 61 60 61 60 61 60 61 60 61 60 61 60 61 60 61 60 61 60 61 60 61 60 61 60 61 60 61 60 61 86 86 86 95 44 44 44 95 44 44 44 95 44 44 44 95 44 44 44 95 44 44 44 95 44 44 44 95 44 44 44 95 44 44 44 95 44 44 44 95 95 25 26 27 27 
69 68 69 68 69 68 69 68 69 68 69 68 69 68 69 68 69 68 69 68 69 68 69 68 69 68 69 68 69 68 69 68 69 68 69 86 95 95 95 95 95 45 95 95 95 45 95 95 95 45 95 76 77 76 77 76 77 45 95 95 95 45 95 95 95 45 95 95 86 86 86 86 86 86 86 86 86 86 6 15 
61 60 61 60 61 60 61 60 61 60 61 60 61 60 61 60 61 60 61 60 61 60 61 60 61 60 61 60 61 60 61 60 61 86 86 86 52 52 52 52 52 52 52 52 52 52 52 52 52 52 52 84 85 84 85 84 85 52 52 52 52 52 52 52 52 52 52 52 86 60 61 60 61 60 61 60 61 60 15 16 
69 68 69 68 69 68 69 68 69 68 69 68 69 68 69 68 69 68 69 68 69 68 69 68 69 68 69 68 69 68 69 68 69 86 95 44 44 44 95 44 44 44 95 44 44 44 95 44 44 44 76 77 76 77 76 77 76 77 95 44 44 44 95 44 44 44 86 86 86 68 69 68 69 68 69 68 69 68 6 15 
61 60 61 86 86 86 86 86 86 86 86 86 86 86 86 86 86 86 86 86 86 86 86 86 86 86 86 86 86 86 86 86 86 86 95 44 44 44 95 44 44 44 95 44 44 44 95 44 44 44 84 85 84 85 84 85 84 85 95 44 44 44 95 44 44 44 86 60 61 60 61 60 61 60 61 60 61 60 15 16 
69 68 69 86 95 45 95 95 95 45 95 95 95 45 95 95 95 45 95 95 95 45 95 95 95 45 95 95 95 45 95 95 95 45 95 95 95 45 95 95 95 45 95 95 86 86 86 86 86 86 86 86 86 86 86 86 86 86 86 86 86 86 86 86 86 86 86 68 69 68 69 68 69 68 69 68 69 68 6 15 
61 86 86 86 52 52 52 52 52 52 52 52 52 52 52 52 52 52 52 52 52 52 52 52 52 52 52 52 52 52 52 52 52 52 52 52 52 52 52 52 52 52 52 52 86 60 61 60 61 60 61 60 61 60 61 60 61 60 61 60 61 60 61 60 61 60 61 60 61 60 61 60 61 60 61 60 61 60 15 16 
69 86 95 44 44 44 95 44 44 44 95 44 44 44 76 77 44 44 95 44 44 44 95 44 44 44 95 44 44 44 95 44 44 44 95 44 44 44 95 44 44 44 86 86 86 68 69 68 69 68 69 68 69 68 69 68 69 68 69 68 69 68 69 68 69 68 69 68 69 68 69 68 69 68 69 68 69 68 6 15 
61 86 95 44 44 44 95 44 44 44 95 44 44 44 84 85 44 44 95 44 44 44 95 44 44 44 95 44 44 44 95 44 44 44 95 44 44 44 95 44 44 44 86 60 61 86 86 86 86 86 86 86 86 86 86 86 86 86 86 86 86 86 86 86 86 86 86 86 86 86 86 86 86 60 61 60 61 60 15 16 
69 86 95 95 95 45 95 95 95 45 86 86 86 86 86 86 86 86 86 86 86 86 95 95 95 45 95 95 95 45 95 95 95 45 95 95 86 86 86 86 86 86 86 68 69 86 95 95 95 45 95 95 95 45 95 95 95 45 95 95 95 45 95 95 95 45 95 95 95 45 95 95 86 68 69 68 69 68 6 15 
61 86 52 52 52 52 52 52 52 52 86 60 61 60 61 60 61 60 61 60 61 86 52 52 52 52 52 52 52 52 52 52 52 52 52 52 86 60 61 60 61 60 61 86 86 86 52 52 52 52 52 52 52 52 52 52 52 52 52 52 52 52 52 52 52 52 52 52 52 52 52 52 86 86 86 60 61 60 15 16 
69 86 95 44 44 44 95 44 44 44 86 68 69 68 69 68 69 68 69 68 69 86 95 44 44 44 76 77 44 44 76 77 44 44 86 86 86 68 69 68 69 68 69 86 44 44 95 44 44 44 95 44 44 44 95 44 44 44 95 44 44 44 95 44 44 44 95 44 44 44 95 44 44 44 86 68 69 68 6 15 
61 86 95 44 44 44 95 44 44 44 86 86 86 86 86 86 86 86 86 60 61 86 95 44 44 44 84 85 44 44 84 85 44 44 86 60 61 86 86 86 86 86 86 86 44 44 95 44 44 44 95 44 44 44 95 44 44 44 95 44 44 44 95 44 44 44 95 44 44 44 95 44 44 44 86 86 86 60 15 16 
69 86 86 86 95 45 95 95 95 45 95 95 95 45 95 95 95 45 86 68 69 86 86 86 86 86 86 86 86 86 86 86 86 86 86 68 69 86 95 95 95 45 95 95 95 45 95 95 95 45 95 95 76 77 95 95 95 45 95 95 95 45 95 95 95 45 95 95 95 45 95 95 95 45 95 95 86 68 6 15 
61 60 61 86 52 52 52 52 52 52 52 52 52 52 52 52 52 52 86 60 61 60 61 60 61 60 61 60 61 60 61 60 61 60 61 60 61 86 52 52 52 52 52 52 52 52 52 52 52 52 52 52 84 85 52 52 52 52 52 52 52 52 52 52 52 52 52 52 52 52 52 52 52 52 52 52 86 86 15 16 
69 68 69 86 86 86 95 44 44 44 95 44 44 44 95 44 44 44 86 68 69 68 69 68 69 68 69 68 69 68 69 68 69 68 69 68 69 86 95 44 44 44 95 44 44 44 95 44 44 44 95 76 77 76 77 44 44 44 95 44 44 44 95 44 44 44 95 44 44 44 95 44 44 44 95 44 17 18 19 19 
61 60 61 60 61 86 95 44 44 44 95 44 44 44 95 44 44 44 86 86 86 86 86 86 86 86 86 86 86 86 86 86 86 86 86 86 86 86 95 44 44 44 95 44 44 44 95 44 44 44 95 84 85 84 85 44 44 44 95 44 44 44 95 44 44 44 95 44 44 44 95 44 44 44 95 44 25 26 27 27 
69 68 69 68 69 86 86 86 86 86 86 86 95 45 95 95 95 45 95 95 95 45 95 95 95 45 95 95 95 45 95 95 95 45 95 95 95 45 95 95 95 45 95 95 95 45 95 86 86 86 86 86 86 86 86 86 86 45 95 95 95 45 95 95 95 45 95 95 95 45 95 95 95 86 86 86 86 86 6 15 
61 60 61 60 61 60 61 60 61 60 61 86 52 52 52 52 52 52 52 52 52 52 52 52 52 52 52 52 52 52 52 52 52 52 52 52 52 52 52 52 52 52 52 52 52 52 52 86 60 61 60 61 60 61 60 61 86 52 52 52 52 52 52 52 52 52 52 52 52 52 52 52 52 86 60 61 60 61 15 16 
69 68 69 68 69 68 69 68 69 68 69 86 86 86 95 44 76 77 95 44 44 44 95 44 44 44 95 44 44 44 76 77 76 77 95 44 44 44 95 44 44 44 95 44 44 44 95 86 68 69 68 69 68 69 68 69 86 86 86 44 44 44 95 44 44 44 95 44 44 44 95 86 86 86 68 69 68 69 6 15 
61 60 61 60 61 60 61 60 61 60 61 60 61 86 95 44 84 85 95 44 44 44 95 44 44 44 95 44 44 44 84 85 84 85 95 44 44 44 95 44 44 44 95 44 44 44 95 86 60 61 60 61 60 61 60 61 60 61 86 44 44 44 95 44 44 44 95 44 44 44 95 86 60 61 60 61 60 61 15 16 
69 68 69 68 69 68 69 68 69 68 69 68 69 86 86 86 86 86 86 86 86 86 86 86 86 86 86 86 86 86 86 86 86 86 86 86 86 86 86 86 86 86 86 86 86 86 86 86 68 69 68 69 68 69 68 69 68 69 86 86 86 86 86 86 86 86 86 86 86 86 86 86 68 69 68 69 68 69 6 15 
60 61 60 61 60 61 60 61 60 61 60 61 60 61 60 61 60 61 60 61 60 61 60 61 60 61 60 61 60 61 60 61 60 61 60 61 60 61 60 61 60 61 60 61 60 61 60 61 60 61 60 61 60 61 60 61 60 61 60 61 60 61 60 61 60 61 60 61 60 61 60 61 60 61 60 61 60 61 15 16